1 768
2 9604
3 746807040
4 5469778125
5 768
6 124416
7 11082252
8 5184
9 32
10 512
11 9604
12 1024
13 5184
14 512
15 243
16 2811072
17 162
18 2528253
19 3200000
20 918731
21 51282015
22 3888
23 1024
24 768
25 3888
26 131072
27 81
28 512
29 40000
30 32
31 9720000
32 32768
33 32
34 16
35 1875
36 455625
37 7203
38 339286108
39 243
40 1
41 161051
42 3888
43 243
44 32
45 3125
46 39366
47 2108304
48 4084101
49 243
50 5184
51 512
52 16384
53 1
54 11316496
55 1
56 32
57 1048576
58 6480
59 32768
60 5184
61 1
62 5184
63 768
64 1920000
65 768
66 1679046
67 1
68 1024
69 1
70 512
71 7203
72 1750329
73 162
74 32
75 768
76 243
77 12005
78 243
79 32
80 1024
81 16
82 384160
83 4112784
84 58564
85 422576
86 16384
87 32
88 -1
89 32
90 512
91 1954815
92 768
93 3888
94 81
95 1
96 40452048
97 1
98 7203
99 243
100 -1
101 60000
102 16
103 16807
104 32
105 243
106 1120000
107 460992
108 32
109 512
110 1
111 24576
112 230496
113 26244
114 1296
115 1024
116 524288
117 117128
118 512
119 11741273168
120 3888
121 40000
122 32
123 162
124 1024
125 9604
126 3888
127 14231052
128 253125
129 243
130 3486784401
131 768
132 1760000
133 32
134 2722734
135 81
136 32
137 1
138 52488
139 521284
140 243
141 417605
142 501126
143 1296
144 24576
145 162
146 124416
147 7776
148 1
149 1563852
150 32805
151 41641938
152 3276800000
153 136048896
154 7203
155 32768
156 1
157 1024
158 39366
159 207360
160 243
161 7776
162 98504032
163 3888
164 103680
165 14406
166 512
167 13675204
168 80000
169 1
170 1
171 1024
172 768
173 9604
174 1
175 32768
176 -1
177 7203
178 2592
179 1875
180 243
181 199927
182 197262025
183 1875
184 82944
185 16
186 16
187 768
188 8192
189 245862400
190 36951552
191 60000
192 100000
193 32
194 32
195 32
196 1
197 7776
198 80594208
199 584647
200 243
201 153664
202 2500
203 1433531
204 161051
205 14406
206 5184
207 248832
208 1024
209 7776
210 243
211 -1
212 186624
213 19683
214 1
215 1574640
216 39366
217 39366
218 13846144050
219 7776
220 3125
221 59049
222 6480
223 1024
224 186624
225 512
226 786432
227 103680
228 7776
229 26244
230 419904
231 960000
232 117128
233 2592
234 -1
235 7776
236 171366
237 4687500
238 299838278
239 16807
240 1
241 1361367
242 2560000
243 1024
244 71716671
245 537824
246 32768
247 32
248 131769
251 40000
252 12582912
253 243
254 24576
255 1
256 268435456
257 32
258 734832
259 19683
260 32
261 1024
262 243
263 3125
264 2592
265 -1
266 59049
267 59049
268 41422897152
269 32
270 32
271 32
272 243
273 2811072
274 243
275 243
276 1
277 32
278 33592320
279 3981312
280 16384
281 32
282 629856
283 7776
284 5184
285 6397664
286 3888
287 162
288 1
289 285610
293 32
294 5184
296 1
297 162
298 16807
299 458752
300 32
301 1
302 60000
303 1
304 32
305 81
306 1
307 32
308 1024
309 5184
310 32
311 59049
312 1582426160
313 1875
314 16
315 512
316 7776
317 50000
318 1172889
319 1
320 1
321 45927
322 59049
323 4995099252
324 243
325 32
326 162
327 162
328 18974736
329 32
330 1
331 243
332 512
333 22488576
334 131769
335 24576
336 1
337 512
338 2071999766784
339 162
340 1024
341 1
342 1
343 87846
344 243
345 1
346 1
347 346146025
348 32
349 16384
350 32
351 243
352 124416
353 1024
354 124416
355 1
356 3981312
357 9604
358 1920000
359 7776
360 32
361 256
362 8807269887
363 32
364 1024
365 32
366 19683
367 1049760
368 290762661
369 16777216
370 32768
371 32
372 186624
373 60000
374 1
375 1
376 3888
377 7776
378 1875
379 1259712
380 607500
381 1
382 1024
383 3125
384 3149280000
385 40000
386 384160
387 32
388 360519984
389 32805
390 3888
391 768
392 3125
393 1024
394 186624
395 3266026434
396 255906560
397 1
398 3888
399 3888
400 1024
401 87846
402 27011250
403 16384
404 32
405 3888
406 9604
407 1574640
408 7203
409 32
410 3125
411 3125
412 506250
413 1875
414 1
415 5184
416 16200000
417 512
418 7776
419 103680
420 32
421 14406
422 32
423 268912
424 18600435000
425 243
426 2108304
427 81
428 32
429 32
430 162
431 16
432 100000
433 35352220868
434 161051
435 5184
436 25858588
437 7776
438 584647
439 528220000
440 117128
441 3125
442 -1
443 19683
444 944784
445 60000
446 1024
447 60000
448 -1
449 768
450 243
451 2500
452 12005
453 12005
454 16807
455 537824
456 268912
457 1048576
458 768
459 6883815862
460 16
461 1024
462 2342560
463 464116250
464 100000
465 1024
466 3125
467 972405
468 7776
469 1944810
470 1944810
471 7776
472 12150000
473 11340000
474 9604
475 16384
476 1
477 32805
478 1
479 1
480 100000
481 3888
482 16
483 32
484 162
485 3125
486 32
487 12005
488 1250
489 243
490 162
491 7776
492 307328
493 1024
494 32
495 243
496 27761292
497 1120000
498 2798410
499 512
500 5184
501 162
502 1024
503 81
504 243
505 -1
506 60000
507 16807
508 14406
509 1
510 153664
511 4687500
512 243
513 405000
514 5184
515 243
516 -1
