1 768
2 9604
3 746807040
4 5469778125
5 768
6 124416
7 11082252
8 5184
9 32
10 512
11 9604
12 1024
13 5184
14 512
15 243
16 2811072
17 162
18 2528253
19 3200000
20 918731
21 51282015
22 3888
23 1024
24 -1
25 3888
26 131072
27 81
28 512
29 40000
30 32
31 9720000
32 32768
33 32
34 16
35 1875
36 455625
37 7203
38 339286108
39 243
40 1
41 161051
42 3888
43 243
44 32
45 -1
46 39366
47 2108304
48 4084101
49 243
50 5184
51 512
52 16384
53 1
54 11316496
55 1
56 32
57 1048576
58 6480
59 32768
60 5184
61 1
62 5184
63 768
64 1920000
65 768
66 1679046
67 1
68 1024
69 1
70 512
71 7203
72 1750329
73 162
74 32
75 768
76 243
77 12005
78 243
79 32
80 1024
81 16
82 384160
83 4112784
84 58564
85 422576
86 16384
87 32
88 -1
89 32
90 512
91 -1
92 768
93 3888
94 81
95 1
96 40452048
97 1
98 7203
99 243
100 -1
101 60000
102 16
103 16807
104 32
105 243
106 1120000
107 460992
108 32
109 512
110 1
111 24576
112 230496
113 26244
114 1296
115 1024
116 524288
117 117128
118 512
119 11741273168
120 3888
121 40000
122 32
123 162
124 1024
125 9604
126 3888
127 14231052
128 253125
129 243
130 3486784401
131 768
132 1760000
133 -1
134 2722734
135 81
136 32
137 1
138 52488
139 521284
140 243
141 417605
142 501126
143 1296
144 24576
145 162
146 124416
147 7776
148 1
149 1563852
150 32805
151 41641938
152 3276800000
153 136048896
154 7203
155 32768
156 1
157 1024
158 39366
159 207360
160 243
161 7776
162 98504032
163 3888
164 103680
165 14406
166 512
167 13675204
168 80000
169 1
170 1
171 1024
172 768
173 9604
174 1
175 32768
176 -1
177 7203
178 2592
179 1875
180 243
181 199927
182 197262025
183 1875
184 82944
185 16
186 16
187 768
188 8192
189 245862400
190 36951552
191 60000
192 100000
193 32
194 32
195 32
196 1
197 7776
198 80594208
199 -1
200 243
201 153664
202 2500
203 1433531
204 161051
205 14406
206 5184
207 248832
208 1024
209 7776
210 243
211 -1
212 186624
213 19683
214 1
215 1574640
216 39366
217 39366
218 13846144050
219 7776
220 3125
221 59049
222 6480
223 1024
224 186624
225 512
226 786432
227 103680
228 7776
229 26244
230 419904
231 960000
232 117128
233 2592
234 -1
235 7776
236 171366
237 4687500
238 299838278
239 16807
240 1
241 1361367
242 2560000
243 1024
244 71716671
245 537824
246 32768
247 32
248 131769
249 -1
250 -1
251 40000
252 12582912
253 243
254 24576
255 1
256 268435456
257 32
258 734832
259 19683
260 32
261 1024
262 243
263 3125
264 2592
265 -1
266 59049
267 59049
268 41422897152
269 32
270 32
271 32
272 243
273 2811072
274 243
275 243
276 1
277 32
278 33592320
279 3981312
280 16384
281 32
282 629856
283 7776
284 5184
285 6397664
286 3888
287 162
288 1
289 285610
290 -1
291 -1
292 -1
293 32
294 5184
295 -1
296 1
297 162
298 16807
299 458752
300 32
301 1
302 60000
303 1
304 32
305 81
306 1
307 32
308 1024
309 5184
310 32
311 59049
312 1582426160
313 1875
314 16
315 512
316 7776
317 50000
318 1172889
319 1
320 1
321 45927
322 59049
323 -1
324 243
325 32
326 162
327 162
328 18974736
329 32
330 1
331 243
332 512
333 -1
334 131769
335 24576
336 1
337 -1
